0000000000000000000000000000000000000
0000000000000000000000000000000000000
0000000000000000000000000000000000000
0000000000000000000000000000000000000
0000000000000000000000000000000000000
0000000000000000000000000000000000000
0000000000000000000000000000000111100
0000000000000000000000000000001111110
0000000000000000000000000000001111110
0000000000000000000000000000001111110
0000000000000000000000000000001111110
0000000000000000000000000000001111110
0000000000000000000000000000001111110
0000000000000000000000000000001111110
0000000000000000000000000000001111110
0000000000000000000000000000001111110
0000000000000000000000000000001111110
0000000000000000000000000000001111110
0000000000000000000000000000001111110
0000000000000000000000000000001111110
0000000000000000000000000000001111110
0000000000000000000000000000001111110
0000000000000000000000000000001111110
0000000000000000000000000000001111110
0000000000000000000000000000001111110
0000000000000000000000000000001111110
0000000000000000000000000000001111110
0000000000000000000000000000001111110
0000000000000000000000000000001111110
0000000000000000000000000000001111110
0000000000000000000000000000000111100
0000000000000000000000000000000000000
0000000000000000000000000000000000000
0000000000000000000000000000000000000
0000000000000000000000000000000000000
0000000000000000000000000000000111100
0000000000000000000000000000001111110
0000000000000000000000000000001111110
0000000000000000000000000000001111110
0000000000000000000000000000001111110
0000000000000000000000000000001111110
0000000000000000000000000000001111110
0000000000000000000000000000001111110
0000000000000000000000000000001111110
0000000000000000000000000000001111110
0000000000000000000000000000001111110
0000000000000000000000000000001111110
0000000000000000000000000000001111110
0000000000000000000000000000001111110
0000000000000000000000000000001111110
0000000000000000000000000000001111110
0000000000000000000000000000001111110
0000000000000000000000000000001111110
0000000000000000000000000000001111110
0000000000000000000000000000001111110
0000000000000000000000000000001111110
0000000000000000000000000000001111110
0000000000000000000000000000001111110
0000000000000000000000000000001111110
0000000000000000000000000000000111100
0000000000000000000000000000000000000
0000000000000000000000000000000000000
0000000000000000000000000000000000000
0000000000000000000000000000000000000
0000000000000000000000000000000000000
0000000000000000000000000000000000000