0000000000000000000000000000000000000
0000000111111111111111111111110000000
0000001111111111111111111111111000000
0000001111111111111111111111111000000
0000001111111111111111111111111000000
0000001111111111111111111111111000000
0011110111111111111111111111110111100
0111111000000000000000000000001111110
0111111000000000000000000000001111110
0111111000000000000000000000001111110
0111111000000000000000000000001111110
0111111000000000000000000000001111110
0111111000000000000000000000001111110
0111111000000000000000000000001111110
0111111000000000000000000000001111110
0111111000000000000000000000001111110
0111111000000000000000000000001111110
0111111000000000000000000000001111110
0111111000000000000000000000001111110
0111111000000000000000000000001111110
0111111000000000000000000000001111110
0111111000000000000000000000001111110
0111111000000000000000000000001111110
0111111000000000000000000000001111110
0111111000000000000000000000001111110
0111111000000000000000000000001111110
0111111000000000000000000000001111110
0111111000000000000000000000001111110
0111111000000000000000000000001111110
0111111000000000000000000000001111110
0011110111111111111111111111110111100
0000001111111111111111111111111000000
0000001111111111111111111111111000000
0000001111111111111111111111111000000
0000001111111111111111111111111000000
0011110111111111111111111111110111100
0111111000000000000000000000001111110
0111111000000000000000000000001111110
0111111000000000000000000000001111110
0111111000000000000000000000001111110
0111111000000000000000000000001111110
0111111000000000000000000000001111110
0111111000000000000000000000001111110
0111111000000000000000000000001111110
0111111000000000000000000000001111110
0111111000000000000000000000001111110
0111111000000000000000000000001111110
0111111000000000000000000000001111110
0111111000000000000000000000001111110
0111111000000000000000000000001111110
0111111000000000000000000000001111110
0111111000000000000000000000001111110
0111111000000000000000000000001111110
0111111000000000000000000000001111110
0111111000000000000000000000001111110
0111111000000000000000000000001111110
0111111000000000000000000000001111110
0111111000000000000000000000001111110
0111111000000000000000000000001111110
0011110111111111111111111111110111100
0000001111111111111111111111111000000
0000001111111111111111111111111000000
0000001111111111111111111111111000000
0000001111111111111111111111111000000
0000000111111111111111111111110000000
0000000000000000000000000000000000000